[(1, 0.15206805), (4, 0.787932)]
[(1, 0.3),(3, 0.3),(5, 0.4)]
[(5, 0.39518568), (3, 0.5485644)]
[(5, 0.39518568), (3, 0.5485644)]
[(1, 0.108227514), (2, 0.31757268), (3, 0.2593891), (4, 0.13428846), (5, 0.10552225)]
[(1, 0.11193534), (2, 0.478897), (3, 0.20878689), (5, 0.120380774)]
[(1, 0.11193534), (2, 0.478897), (3, 0.20878689), (5, 0.120380774)]
[(1, 0.5), (2, 0.5)]
[(0, 0.2), (4, 0.8)]
[(1, 1.0)]
[(1, 0.15206805), (4, 0.787932)]
[(1, 0.15206805), (4, 0.787932)]
[(3, 0.15206805), (4, 0.787932)]
[(2, 0.15206805), (4, 0.787932)]
[(1, 0.15206805), (5, 0.787932)]
[(0, 0.15206805), (4, 0.787932)]
[(4, 0.15206805), (5, 0.787932)]
[(3, 0.15206805), (5, 0.787932)]
[(1, 0.15206805), (5, 0.787932)]
